C:\Users\Nick\Dropbox\DigitalVisualEffects\HW2_DVFX_STITCHING\lib_out_photos\lib_02.jpg
432 648

1 0 323.5 
0 1 215.5 
0 0 1 

0.994904 -0.00317836 0.100781 
0.00316218 0.999995 0.000320319 
-0.100782 -1.61511e-012 0.994909 

533.095

C:\Users\Nick\Dropbox\DigitalVisualEffects\HW2_DVFX_STITCHING\lib_out_photos\lib_03.jpg
432 648

1 0 323.5 
0 1 215.5 
0 0 1 

0.994413 0.0313205 0.100803 
0.0037849 0.943771 -0.330578 
-0.105489 0.329112 0.93838 

533.903

C:\Users\Nick\Dropbox\DigitalVisualEffects\HW2_DVFX_STITCHING\lib_out_photos\lib_04.jpg
432 648

1 0 323.5 
0 1 215.5 
0 0 1 

0.994169 0.0636408 0.0870503 
0.0055117 0.776226 -0.63043 
-0.107692 0.627234 0.771349 

535.167

C:\Users\Nick\Dropbox\DigitalVisualEffects\HW2_DVFX_STITCHING\lib_out_photos\lib_05.jpg
432 648

1 0 323.5 
0 1 215.5 
0 0 1 

0.994527 0.0852061 0.0604588 
0.00200125 0.56304 -0.826427 
-0.104457 0.822025 0.559789 

535.345

C:\Users\Nick\Dropbox\DigitalVisualEffects\HW2_DVFX_STITCHING\lib_out_photos\lib_06.jpg
432 648

1 0 323.5 
0 1 215.5 
0 0 1 

0.994522 0.101873 0.0234291 
0.00111537 0.213778 -0.976882 
-0.104527 0.971556 0.212493 

535.116

C:\Users\Nick\Dropbox\DigitalVisualEffects\HW2_DVFX_STITCHING\lib_out_photos\lib_07.jpg
432 648

1 0 323.5 
0 1 215.5 
0 0 1 

0.994366 0.101497 -0.0305856 
-0.00118163 -0.277897 -0.96061 
-0.105999 0.955234 -0.276211 

535.517

C:\Users\Nick\Dropbox\DigitalVisualEffects\HW2_DVFX_STITCHING\lib_out_photos\lib_08.jpg
432 648

1 0 323.5 
0 1 215.5 
0 0 1 

0.994187 0.0851211 -0.0659259 
0.00447024 -0.64443 -0.76465 
-0.107573 0.759911 -0.641064 

534.281

C:\Users\Nick\Dropbox\DigitalVisualEffects\HW2_DVFX_STITCHING\lib_out_photos\lib_09.jpg
432 648

1 0 323.5 
0 1 215.5 
0 0 1 

0.993827 0.0547623 -0.0964852 
0.00739983 -0.900468 -0.43486 
-0.110696 0.431461 -0.895314 

535.894

C:\Users\Nick\Dropbox\DigitalVisualEffects\HW2_DVFX_STITCHING\lib_out_photos\lib_10.jpg
432 648

1 0 323.5 
0 1 215.5 
0 0 1 

0.994591 0.0124928 -0.103118 
0.0086367 -0.99925 -0.0377566 
-0.103512 0.0366618 -0.993952 

535.885

C:\Users\Nick\Dropbox\DigitalVisualEffects\HW2_DVFX_STITCHING\lib_out_photos\lib_11.jpg
432 648

1 0 323.5 
0 1 215.5 
0 0 1 

0.994962 -0.0309085 -0.0953716 
0.00469959 -0.935864 0.352328 
-0.100145 -0.351001 -0.931004 

535.766

C:\Users\Nick\Dropbox\DigitalVisualEffects\HW2_DVFX_STITCHING\lib_out_photos\lib_12.jpg
432 648

1 0 323.5 
0 1 215.5 
0 0 1 

0.994857 -0.0718924 -0.071346 
0.00123938 -0.695711 0.718321 
-0.101278 -0.714715 -0.692044 

530.524

C:\Users\Nick\Dropbox\DigitalVisualEffects\HW2_DVFX_STITCHING\lib_out_photos\lib_13.jpg
432 648

1 0 323.5 
0 1 215.5 
0 0 1 

0.995123 -0.09084 -0.0384482 
0.000892234 -0.381471 0.924381 
-0.0986376 -0.919907 -0.37953 

526.299

C:\Users\Nick\Dropbox\DigitalVisualEffects\HW2_DVFX_STITCHING\lib_out_photos\lib_14.jpg
432 648

1 0 323.5 
0 1 215.5 
0 0 1 

0.994904 -0.100506 -0.00806656 
0.00182773 -0.0620123 0.998074 
-0.100813 -0.993002 -0.0615127 

525.996

C:\Users\Nick\Dropbox\DigitalVisualEffects\HW2_DVFX_STITCHING\lib_out_photos\lib_15.jpg
432 648

1 0 323.5 
0 1 215.5 
0 0 1 

0.994757 -0.0971798 0.0318552 
0.00189881 0.328986 0.944333 
-0.10225 -0.939321 0.327445 

528.454

C:\Users\Nick\Dropbox\DigitalVisualEffects\HW2_DVFX_STITCHING\lib_out_photos\lib_16.jpg
432 648

1 0 323.5 
0 1 215.5 
0 0 1 

0.994836 -0.0799123 0.0625649 
0.00386854 0.645871 0.763437 
-0.101417 -0.759253 0.642845 

531.128

C:\Users\Nick\Dropbox\DigitalVisualEffects\HW2_DVFX_STITCHING\lib_out_photos\lib_01.jpg
432 648

1 0 323.5 
0 1 215.5 
0 0 1 

0.994516 -0.0480632 0.092893 
0.00872935 0.923203 0.384213 
-0.104226 -0.381294 0.918559 

532.004

