C:\Users\Urchin\Downloads\lib_out_photos\lib_02.jpg
3456 5184

8 0 2591.5 
0 8 1727.5 
0 0 1 

0.994955 -0.00472018 0.100211 
0.00469642 0.999989 0.000473016 
-0.100212 -6.38715e-012 0.994966 

533.818

C:\Users\Urchin\Downloads\lib_out_photos\lib_03.jpg
3456 5184

8 0 2591.5 
0 8 1727.5 
0 0 1 

0.994525 0.0298376 0.100147 
0.00495172 0.943835 -0.33038 
-0.10438 0.329067 0.93852 

534.885

C:\Users\Urchin\Downloads\lib_out_photos\lib_04.jpg
3456 5184

8 0 2591.5 
0 8 1727.5 
0 0 1 

0.994303 0.0623735 0.0864385 
0.00604823 0.776601 -0.629964 
-0.106421 0.626898 0.771799 

535.573

C:\Users\Urchin\Downloads\lib_out_photos\lib_05.jpg
3456 5184

8 0 2591.5 
0 8 1727.5 
0 0 1 

0.994661 0.0842567 0.0595812 
0.00175156 0.5635 -0.826114 
-0.10318 0.821808 0.560344 

534.966

C:\Users\Urchin\Downloads\lib_out_photos\lib_06.jpg
3456 5184

8 0 2591.5 
0 8 1727.5 
0 0 1 

0.994617 0.100893 0.0236147 
0.00148996 0.21395 -0.976844 
-0.103609 0.971621 0.212648 

534.836

C:\Users\Urchin\Downloads\lib_out_photos\lib_07.jpg
3456 5184

8 0 2591.5 
0 8 1727.5 
0 0 1 

0.994444 0.100448 -0.0314944 
-0.00232543 -0.278142 -0.960537 
-0.105244 0.955273 -0.276363 

534.849

C:\Users\Urchin\Downloads\lib_out_photos\lib_08.jpg
3456 5184

8 0 2591.5 
0 8 1727.5 
0 0 1 

0.994234 0.0850221 -0.0653449 
0.00498165 -0.645343 -0.763877 
-0.107116 0.759147 -0.642046 

533.052

C:\Users\Urchin\Downloads\lib_out_photos\lib_09.jpg
3456 5184

8 0 2591.5 
0 8 1727.5 
0 0 1 

0.993872 0.0549321 -0.0959242 
0.00805047 -0.901448 -0.432813 
-0.110246 0.429388 -0.896366 

534.548

C:\Users\Urchin\Downloads\lib_out_photos\lib_10.jpg
3456 5184

8 0 2591.5 
0 8 1727.5 
0 0 1 

0.994665 0.0133224 -0.102293 
0.00983556 -0.999356 -0.0345157 
-0.102687 0.0333254 -0.994156 

534.927

C:\Users\Urchin\Downloads\lib_out_photos\lib_11.jpg
3456 5184

8 0 2591.5 
0 8 1727.5 
0 0 1 

0.995081 -0.0300391 -0.0944035 
0.00556609 -0.934463 0.356017 
-0.098911 -0.354791 -0.929699 

534.48

C:\Users\Urchin\Downloads\lib_out_photos\lib_12.jpg
3456 5184

8 0 2591.5 
0 8 1727.5 
0 0 1 

0.994969 -0.0705786 -0.0710941 
0.00238293 -0.6928 0.721126 
-0.10015 -0.717667 -0.689147 

531.096

C:\Users\Urchin\Downloads\lib_out_photos\lib_13.jpg
3456 5184

8 0 2591.5 
0 8 1727.5 
0 0 1 

0.995194 -0.090644 -0.0370388 
-4.58516e-005 -0.378689 0.925524 
-0.0979195 -0.921074 -0.376874 

528.801

C:\Users\Urchin\Downloads\lib_out_photos\lib_14.jpg
3456 5184

8 0 2591.5 
0 8 1727.5 
0 0 1 

0.994934 -0.10022 -0.00793246 
0.00184556 -0.0606832 0.998155 
-0.100516 -0.993113 -0.0601908 

528.753

C:\Users\Urchin\Downloads\lib_out_photos\lib_15.jpg
3456 5184

8 0 2591.5 
0 8 1727.5 
0 0 1 

0.994766 -0.097173 0.0315985 
0.00213071 0.328898 0.944363 
-0.102159 -0.939353 0.327383 

529.929

C:\Users\Urchin\Downloads\lib_out_photos\lib_16.jpg
3456 5184

8 0 2591.5 
0 8 1727.5 
0 0 1 

0.994839 -0.0798406 0.0626121 
0.00372872 0.645443 0.7638 
-0.101395 -0.759624 0.64241 

531.158

C:\Users\Urchin\Downloads\lib_out_photos\lib_01.jpg
3456 5184

8 0 2591.5 
0 8 1727.5 
0 0 1 

0.994531 -0.0480881 0.0927084 
0.00879738 0.923107 0.384444 
-0.104067 -0.381526 0.918482 

531.608

