D:\DropBox\DigitalVisualEffects\HW2_DVFX_STITCHING\test_photos\prtn_02.jpg
384 512

1 0 255.5 
0 1 191.5 
0 0 1 

0.999738 0.019131 0.0125807 
-0.0191295 0.999817 -0.000240798 
-0.012583 1.09256e-007 0.999921 

705.039

D:\DropBox\DigitalVisualEffects\HW2_DVFX_STITCHING\test_photos\prtn_03.jpg
384 512

1 0 255.5 
0 1 191.5 
0 0 1 

0.999738 0.0221377 0.00581926 
-0.018868 0.940943 -0.33804 
-0.012959 0.337842 0.941114 

704.468

D:\DropBox\DigitalVisualEffects\HW2_DVFX_STITCHING\test_photos\prtn_04.jpg
384 512

1 0 255.5 
0 1 191.5 
0 0 1 

0.999731 0.0231495 -0.00149742 
-0.0187649 0.769053 -0.63891 
-0.0136388 0.638766 0.76928 

704.775

D:\DropBox\DigitalVisualEffects\HW2_DVFX_STITCHING\test_photos\prtn_05.jpg
384 512

1 0 255.5 
0 1 191.5 
0 0 1 

0.999781 0.0196551 -0.00717799 
-0.0160245 0.498592 -0.866688 
-0.0134559 0.866614 0.498798 

704.596

D:\DropBox\DigitalVisualEffects\HW2_DVFX_STITCHING\test_photos\prtn_06.jpg
384 512

1 0 255.5 
0 1 191.5 
0 0 1 

0.999788 0.0156725 -0.0133219 
-0.015908 0.178563 -0.9838 
-0.0130398 0.983804 0.178775 

704.179

D:\DropBox\DigitalVisualEffects\HW2_DVFX_STITCHING\test_photos\prtn_07.jpg
384 512

1 0 255.5 
0 1 191.5 
0 0 1 

0.999831 0.00970136 -0.0156201 
-0.0137394 -0.170393 -0.985281 
-0.01222 0.985328 -0.170231 

703.744

D:\DropBox\DigitalVisualEffects\HW2_DVFX_STITCHING\test_photos\prtn_08.jpg
384 512

1 0 255.5 
0 1 191.5 
0 0 1 

0.99972 0.000567998 -0.0236654 
-0.0201577 -0.503721 -0.863631 
-0.0124113 0.863866 -0.503569 

704.548

D:\DropBox\DigitalVisualEffects\HW2_DVFX_STITCHING\test_photos\prtn_09.jpg
384 512

1 0 255.5 
0 1 191.5 
0 0 1 

0.99974 -0.00605139 -0.021985 
-0.0187977 -0.764476 -0.644377 
-0.0129076 0.644623 -0.764392 

704.2

D:\DropBox\DigitalVisualEffects\HW2_DVFX_STITCHING\test_photos\prtn_10.jpg
384 512

1 0 255.5 
0 1 191.5 
0 0 1 

0.99977 -0.0113717 -0.0182084 
-0.0169342 -0.939059 -0.343338 
-0.0131944 0.343568 -0.939035 

703.687

D:\DropBox\DigitalVisualEffects\HW2_DVFX_STITCHING\test_photos\prtn_11.jpg
384 512

1 0 255.5 
0 1 191.5 
0 0 1 

0.999759 -0.0176786 -0.013042 
-0.0176506 -0.999842 0.00225638 
-0.0130798 -0.00202548 -0.999913 

704.587

D:\DropBox\DigitalVisualEffects\HW2_DVFX_STITCHING\test_photos\prtn_12.jpg
384 512

1 0 255.5 
0 1 191.5 
0 0 1 

0.999743 -0.0217208 -0.00652999 
-0.018214 -0.940412 0.339549 
-0.0135162 -0.339343 -0.940566 

705.216

D:\DropBox\DigitalVisualEffects\HW2_DVFX_STITCHING\test_photos\prtn_13.jpg
384 512

1 0 255.5 
0 1 191.5 
0 0 1 

0.999774 -0.0212467 0.000184324 
-0.0163212 -0.762388 0.646915 
-0.0136043 -0.646772 -0.762562 

705.561

D:\DropBox\DigitalVisualEffects\HW2_DVFX_STITCHING\test_photos\prtn_14.jpg
384 512

1 0 255.5 
0 1 191.5 
0 0 1 

0.999782 -0.0194091 0.0076346 
-0.0163267 -0.50053 0.865565 
-0.0129785 -0.865502 -0.500738 

706.657

D:\DropBox\DigitalVisualEffects\HW2_DVFX_STITCHING\test_photos\prtn_15.jpg
384 512

1 0 255.5 
0 1 191.5 
0 0 1 

0.999762 -0.0158672 0.0149774 
-0.017438 -0.168445 0.985557 
-0.0131152 -0.985583 -0.168681 

706.712

D:\DropBox\DigitalVisualEffects\HW2_DVFX_STITCHING\test_photos\prtn_16.jpg
384 512

1 0 255.5 
0 1 191.5 
0 0 1 

0.999742 -0.00978668 0.0205018 
-0.0185026 0.172864 0.984772 
-0.0131817 -0.984897 0.172639 

705.915

D:\DropBox\DigitalVisualEffects\HW2_DVFX_STITCHING\test_photos\prtn_17.jpg
384 512

1 0 255.5 
0 1 191.5 
0 0 1 

0.999744 -0.00282095 0.0224458 
-0.0180663 0.497599 0.867219 
-0.0136154 -0.867402 0.497421 

706.473

D:\DropBox\DigitalVisualEffects\HW2_DVFX_STITCHING\test_photos\prtn_18.jpg
384 512

1 0 255.5 
0 1 191.5 
0 0 1 

0.999829 0.00173718 0.0184292 
-0.0132258 0.763602 0.645552 
-0.0129511 -0.645685 0.763494 

704.997

D:\DropBox\DigitalVisualEffects\HW2_DVFX_STITCHING\test_photos\prtn_01.jpg
384 512

1 0 255.5 
0 1 191.5 
0 0 1 

0.999766 0.01236 0.0177371 
-0.0178061 0.936072 0.351357 
-0.0122605 -0.351591 0.936073 

705.521

