D:\Nickchu\college\Senior\SecondSem\DigitalVisualEffects\HW2_DVFX_STITCHING\mrt_photos\mrt_02.jpg
432 648

1 0 323.5 
0 1 215.5 
0 0 1 

0.99997 0.00241736 -0.00735756 
0.00772393 -0.242024 0.97024 
0.000564702 -0.970268 -0.242035 

639.536

D:\Nickchu\college\Senior\SecondSem\DigitalVisualEffects\HW2_DVFX_STITCHING\mrt_photos\mrt_03.jpg
432 648

1 0 323.5 
0 1 215.5 
0 0 1 

0.999885 -0.0151335 -0.000505398 
0.00103978 0.0353223 0.999376 
-0.0151062 -0.999262 0.0353343 

643.82

D:\Nickchu\college\Senior\SecondSem\DigitalVisualEffects\HW2_DVFX_STITCHING\mrt_photos\mrt_04.jpg
432 648

1 0 323.5 
0 1 215.5 
0 0 1 

0.999716 -0.00672829 0.0228673 
-0.0195434 0.317876 0.947931 
-0.0136469 -0.948109 0.317654 

643.264

D:\Nickchu\college\Senior\SecondSem\DigitalVisualEffects\HW2_DVFX_STITCHING\mrt_photos\mrt_05.jpg
432 648

1 0 323.5 
0 1 215.5 
0 0 1 

0.999783 -0.00529488 0.0201625 
-0.0135477 0.570067 0.821486 
-0.0158437 -0.821581 0.569872 

638.819

D:\Nickchu\college\Senior\SecondSem\DigitalVisualEffects\HW2_DVFX_STITCHING\mrt_photos\mrt_06.jpg
432 648

1 0 323.5 
0 1 215.5 
0 0 1 

0.999864 -0.00414741 0.015937 
-0.00701454 0.768319 0.640029 
-0.0148992 -0.640054 0.768186 

636.775

D:\Nickchu\college\Senior\SecondSem\DigitalVisualEffects\HW2_DVFX_STITCHING\mrt_photos\mrt_07.jpg
432 648

1 0 323.5 
0 1 215.5 
0 0 1 

0.999635 0.0221164 0.0155245 
-0.0262292 0.932284 0.360775 
-0.00649418 -0.361051 0.932524 

633.461

D:\Nickchu\college\Senior\SecondSem\DigitalVisualEffects\HW2_DVFX_STITCHING\mrt_photos\mrt_08.jpg
432 648

1 0 323.5 
0 1 215.5 
0 0 1 

0.999499 -0.0251204 -0.019271 
0.0271084 0.993451 0.110994 
0.0163566 -0.111461 0.993634 

639.622

D:\Nickchu\college\Senior\SecondSem\DigitalVisualEffects\HW2_DVFX_STITCHING\mrt_photos\mrt_09.jpg
432 648

1 0 323.5 
0 1 215.5 
0 0 1 

0.998985 -0.0385562 -0.0232875 
0.0340777 0.985025 -0.169008 
0.0294551 0.168043 0.98534 

630.068

D:\Nickchu\college\Senior\SecondSem\DigitalVisualEffects\HW2_DVFX_STITCHING\mrt_photos\mrt_10.jpg
432 648

1 0 323.5 
0 1 215.5 
0 0 1 

0.99971 -0.00235688 -0.0239487 
-0.00653743 0.931166 -0.364536 
0.0231594 0.364587 0.930881 

633.52

D:\Nickchu\college\Senior\SecondSem\DigitalVisualEffects\HW2_DVFX_STITCHING\mrt_photos\mrt_11.jpg
432 648

1 0 323.5 
0 1 215.5 
0 0 1 

0.99989 -0.00532773 -0.0138048 
-0.0040248 0.799839 -0.600201 
0.0142394 0.600191 0.79973 

628.88

D:\Nickchu\college\Senior\SecondSem\DigitalVisualEffects\HW2_DVFX_STITCHING\mrt_photos\mrt_12.jpg
432 648

1 0 323.5 
0 1 215.5 
0 0 1 

0.999868 -0.0102477 -0.0126431 
-0.00335956 0.630163 -0.776456 
0.0159241 0.776396 0.630045 

625.898

D:\Nickchu\college\Senior\SecondSem\DigitalVisualEffects\HW2_DVFX_STITCHING\mrt_photos\mrt_13.jpg
432 648

1 0 323.5 
0 1 215.5 
0 0 1 

0.999944 -0.00420481 -0.00968159 
-0.00727004 0.390619 -0.920524 
0.00765244 0.920543 0.390567 

623.981

D:\Nickchu\college\Senior\SecondSem\DigitalVisualEffects\HW2_DVFX_STITCHING\mrt_photos\mrt_14.jpg
432 648

1 0 323.5 
0 1 215.5 
0 0 1 

0.999946 0.00832425 -0.0062294 
-0.0077941 0.20362 -0.979019 
-0.00688119 0.979015 0.203674 

623.999

D:\Nickchu\college\Senior\SecondSem\DigitalVisualEffects\HW2_DVFX_STITCHING\mrt_photos\mrt_15.jpg
432 648

1 0 323.5 
0 1 215.5 
0 0 1 

0.999915 -0.00843834 -0.0099562 
-0.00983722 0.0140256 -0.999853 
0.00857674 0.999866 0.0139414 

635.572

D:\Nickchu\college\Senior\SecondSem\DigitalVisualEffects\HW2_DVFX_STITCHING\mrt_photos\mrt_16.jpg
432 648

1 0 323.5 
0 1 215.5 
0 0 1 

0.999968 -0.00250039 -0.00753841 
-0.00793044 -0.262513 -0.964896 
0.000433703 0.964925 -0.262524 

632.055

D:\Nickchu\college\Senior\SecondSem\DigitalVisualEffects\HW2_DVFX_STITCHING\mrt_photos\mrt_17.jpg
432 648

1 0 323.5 
0 1 215.5 
0 0 1 

0.999947 0.00959467 -0.00368987 
0.00176534 -0.513891 -0.857854 
-0.010127 0.857802 -0.51388 

627.739

D:\Nickchu\college\Senior\SecondSem\DigitalVisualEffects\HW2_DVFX_STITCHING\mrt_photos\mrt_01.jpg
432 648

1 0 323.5 
0 1 215.5 
0 0 1 

0.999982 -0.00505527 -0.00325369 
0.000141832 -0.521231 0.853416 
-0.00601018 -0.853401 -0.521221 

642.292

