D:\Nickchu\college\Senior\SecondSem\DigitalVisualEffects\HW2_DVFX_STITCHING\mrt_photos\mrt_04.jpg
864 1296

2 0 647.5 
0 2 431.5 
0 0 1 

0.999953 -0.00212576 -0.00942537 
0.00866784 -0.233652 0.972282 
-0.00426907 -0.972318 -0.233623 

645.772

D:\Nickchu\college\Senior\SecondSem\DigitalVisualEffects\HW2_DVFX_STITCHING\mrt_photos\mrt_05.jpg
864 1296

2 0 647.5 
0 2 431.5 
0 0 1 

0.999805 -0.019736 -0.00110074 
0.00191834 0.0414559 0.999139 
-0.0196734 -0.998945 0.0414857 

649.008

D:\Nickchu\college\Senior\SecondSem\DigitalVisualEffects\HW2_DVFX_STITCHING\mrt_photos\mrt_06.jpg
864 1296

2 0 647.5 
0 2 431.5 
0 0 1 

0.99969 -0.0112225 0.0222406 
-0.0174457 0.321921 0.946606 
-0.017783 -0.9467 0.321625 

648.141

D:\Nickchu\college\Senior\SecondSem\DigitalVisualEffects\HW2_DVFX_STITCHING\mrt_photos\mrt_07.jpg
864 1296

2 0 647.5 
0 2 431.5 
0 0 1 

0.999757 -0.00957755 0.0198457 
-0.0108036 0.571904 0.820249 
-0.0192058 -0.820264 0.571662 

643.651

D:\Nickchu\college\Senior\SecondSem\DigitalVisualEffects\HW2_DVFX_STITCHING\mrt_photos\mrt_08.jpg
864 1296

2 0 647.5 
0 2 431.5 
0 0 1 

0.999841 -0.00914317 0.0152901 
-0.00276015 0.768392 0.639973 
-0.0176002 -0.639914 0.768245 

641.956

D:\Nickchu\college\Senior\SecondSem\DigitalVisualEffects\HW2_DVFX_STITCHING\mrt_photos\mrt_09.jpg
864 1296

2 0 647.5 
0 2 431.5 
0 0 1 

0.999744 0.0169886 0.014944 
-0.0212553 0.931569 0.362942 
-0.00775547 -0.363167 0.931692 

638.666

D:\Nickchu\college\Senior\SecondSem\DigitalVisualEffects\HW2_DVFX_STITCHING\mrt_photos\mrt_10.jpg
864 1296

2 0 647.5 
0 2 431.5 
0 0 1 

0.9996 -0.021883 -0.0178894 
0.0237881 0.993158 0.114331 
0.0152651 -0.114711 0.993282 

643.221

D:\Nickchu\college\Senior\SecondSem\DigitalVisualEffects\HW2_DVFX_STITCHING\mrt_photos\mrt_11.jpg
864 1296

2 0 647.5 
0 2 431.5 
0 0 1 

0.999148 -0.034866 -0.0220681 
0.0307766 0.985935 -0.164273 
0.0274853 0.163454 0.986168 

633.405

D:\Nickchu\college\Senior\SecondSem\DigitalVisualEffects\HW2_DVFX_STITCHING\mrt_photos\mrt_12.jpg
864 1296

2 0 647.5 
0 2 431.5 
0 0 1 

0.99975 0.00063681 -0.0223455 
-0.00861957 0.93328 -0.359047 
0.0206259 0.35915 0.933052 

636.669

D:\Nickchu\college\Senior\SecondSem\DigitalVisualEffects\HW2_DVFX_STITCHING\mrt_photos\mrt_13.jpg
864 1296

2 0 647.5 
0 2 431.5 
0 0 1 

0.999923 -0.00239272 -0.012183 
-0.00531759 0.804169 -0.594377 
0.0112194 0.594396 0.804094 

632.456

D:\Nickchu\college\Senior\SecondSem\DigitalVisualEffects\HW2_DVFX_STITCHING\mrt_photos\mrt_14.jpg
864 1296

2 0 647.5 
0 2 431.5 
0 0 1 

0.999914 -0.0080933 -0.0103031 
-0.0027919 0.636706 -0.771102 
0.0128008 0.771064 0.636629 

629.229

D:\Nickchu\college\Senior\SecondSem\DigitalVisualEffects\HW2_DVFX_STITCHING\mrt_photos\mrt_15.jpg
864 1296

2 0 647.5 
0 2 431.5 
0 0 1 

0.999974 -0.00230217 -0.00687107 
-0.00537873 0.399599 -0.916674 
0.00485599 0.916687 0.399576 

627.332

D:\Nickchu\college\Senior\SecondSem\DigitalVisualEffects\HW2_DVFX_STITCHING\mrt_photos\mrt_16.jpg
864 1296

2 0 647.5 
0 2 431.5 
0 0 1 

0.999943 0.0101613 -0.00320728 
-0.00530769 0.213994 -0.976821 
-0.00923944 0.976782 0.214036 

627.284

D:\Nickchu\college\Senior\SecondSem\DigitalVisualEffects\HW2_DVFX_STITCHING\mrt_photos\mrt_17.jpg
864 1296

2 0 647.5 
0 2 431.5 
0 0 1 

0.999949 -0.00647623 -0.00767552 
-0.00750923 0.0253215 -0.999651 
0.00666828 0.999658 0.0252714 

638.396

D:\Nickchu\college\Senior\SecondSem\DigitalVisualEffects\HW2_DVFX_STITCHING\mrt_photos\mrt_18.jpg
864 1296

2 0 647.5 
0 2 431.5 
0 0 1 

0.999986 -0.00072517 -0.00512461 
-0.00514285 -0.250533 -0.968094 
-0.000581865 0.968108 -0.250533 

634.75

D:\Nickchu\college\Senior\SecondSem\DigitalVisualEffects\HW2_DVFX_STITCHING\mrt_photos\mrt_19.jpg
864 1296

2 0 647.5 
0 2 431.5 
0 0 1 

0.999936 0.0111952 -0.00138955 
0.0044228 -0.502358 -0.864649 
-0.010378 0.864588 -0.502375 

630.542

D:\Nickchu\college\Senior\SecondSem\DigitalVisualEffects\HW2_DVFX_STITCHING\mrt_photos\mrt_03.jpg
864 1296

2 0 647.5 
0 2 431.5 
0 0 1 

0.999941 -0.00950681 -0.00520297 
-0.000391299 -0.511451 0.859313 
-0.0108304 -0.85926 -0.511425 

648.774

